           -40.00000            -0.19119
           -39.34526             0.56487
           -40.07401             0.80884
           -40.75941             0.46696
           -41.00000            -0.26045
           -40.65480            -0.94725
           -39.92598            -1.19116
           -39.24052            -0.84934
           -39.00000            -0.12198
           -38.20432             0.69077
           -38.68230             1.31266
           -39.36023             1.70499
           -40.13633             1.80893